5.746814323341263853e-01 6.526815737995890411e-05 2.533876052055100475e-04 2.479754931881507506e-08
5.660051335189613120e-01 6.441741449651046880e-05 2.588253493057155537e-04 2.591492784192020080e-08
5.593269457637536357e-01 6.381173630893560559e-05 2.623353215426789181e-04 2.668050434741859015e-08
5.511305288575117922e-01 6.274327326242178354e-05 2.687069274300919915e-04 2.802723524489344332e-08
5.570399466190617543e-01 6.474325413140691755e-05 4.460367285803852827e-04 6.188527325872392305e-08
5.381284421390848394e-01 6.216046702705517284e-05 4.732852327015052473e-04 6.883867050804606627e-08
5.192357089294635797e-01 5.937956948711810919e-05 5.029517158534258696e-04 7.742594505112609502e-08
5.273250496570061063e-01 6.028793215475517945e-05 5.002957846845051916e-04 7.480478860220899171e-08
4.870035735970758006e-01 5.256166283484147122e-05 9.493771521238064453e-04 1.937719855510149382e-07
3.121242069562351618e-01 -8.298125063388724135e-10 9.402245755363299040e-02 3.706377114641268386e-05
3.149383884898036556e-01 -1.545007392071146081e-09 3.367406901826149324e-01 1.323893310198035096e-04
2.858214332858308171e-01 -9.216791899091147462e-10 1.605543907286364202e-01 6.265985047951177817e-05
