7.691801930788584075e-03 7.595675130155586478e-03 7.499532858722551994e-03 7.403398960626915958e-03 7.307265510203316515e-03 7.211123690005973204e-03 7.114981957000656061e-03 7.018858630213787621e-03 6.922717336902342068e-03 6.826585812733492083e-03 6.730454842417635079e-03 6.634314166611942655e-03 6.538194661064255196e-03 6.442054562117291092e-03 6.345925719243380655e-03 6.153658282464682938e-03
7.629841012095899856e-03 7.534489532795523095e-03 7.439122130877973658e-03 7.343754805848821780e-03 7.248405011508110736e-03 7.153038082182780130e-03 7.057689796815453699e-03 6.962323310962092310e-03 6.866956932780007329e-03 6.771610657152021123e-03 6.676244793769628601e-03 6.580900304838470209e-03 6.485535020373904558e-03 6.390169887472916567e-03 6.294827827600703481e-03 6.104123457324207511e-03
7.582045894303378678e-03 7.487276021362862174e-03 7.392523118754722004e-03 7.297753615186568926e-03 7.203002146654379628e-03 7.108233056199423847e-03 7.013464064407210971e-03 6.918714496198554754e-03 6.823945982441986802e-03 6.729198104080015043e-03 6.634430126636740345e-03 6.539684068315867321e-03 6.444916693375370327e-03 6.350149478607505435e-03 6.255405902837645263e-03 6.065898002715495486e-03
7.485641572123577156e-03 7.392077089897132643e-03 7.298529952760444972e-03 7.204965853570798051e-03 7.111401844394123900e-03 7.017856495365048727e-03 6.924292928088100589e-03 6.830749169617546246e-03 6.737186097011624471e-03 6.643644048050839114e-03 6.550081529862029385e-03 6.456519156637678496e-03 6.362979426352867451e-03 6.269417698278039776e-03 6.175880010396667813e-03 5.988783533884121935e-03
7.379137095422059166e-03 7.286904250752829389e-03 7.194689086694840315e-03 7.102475049511697280e-03 7.010242937881883130e-03 6.918010931245803172e-03 6.825798799758521669e-03 6.733567286851182762e-03 6.641335899941137183e-03 6.549125879154670329e-03 6.456895063833848619e-03 6.364664400205040026e-03 6.272456728238302165e-03 6.180226729218868051e-03 6.088021120415649558e-03 5.903588496023172601e-03
7.282920508446490658e-03 7.191890714086935678e-03 7.100878944684954099e-03 7.009849559817345546e-03 6.918820274588990439e-03 6.827810341026739095e-03 6.736781527332310476e-03 6.645752833018312745e-03 6.554744929881462130e-03 6.463716780580172974e-03 6.372688774755259564e-03 6.281683127585729887e-03 6.190655754353903764e-03 6.099652088856826956e-03 6.008625426151743311e-03 5.826624067982887414e-03
7.236940947170371514e-03 7.146503454455461340e-03 7.056048673892792791e-03 6.965593988580752807e-03 6.875158277158925288e-03 6.784704045469502204e-03 6.694269909090845225e-03 6.603816183662122169e-03 6.513362589403727185e-03 6.422930579004794069e-03 6.332477570380836730e-03 6.242047427724462319e-03 6.151595075249863785e-03 6.061166949469208760e-03 5.970715333394312728e-03 5.789838602858557622e-03
7.189131590722412472e-03 7.099273244118074408e-03 7.009431555555872134e-03 6.919573576816055033e-03 6.829715684523751142e-03 6.739875713241329919e-03 6.650018245344884761e-03 6.560179801618171332e-03 6.470322808798587705e-03 6.380486006867112231e-03 6.290629546503903602e-03 6.200794513023658201e-03 6.110938650263630055e-03 6.021105526089944732e-03 5.931250335121011560e-03 5.751564842989223374e-03
7.153727422282216489e-03 7.064312003973387266e-03 6.974896665316642451e-03 6.885498691839498329e-03 6.796083749342103630e-03 6.706687227318768214e-03 6.617272727356399500e-03 6.527858337658812467e-03 6.438463757160869765e-03 6.349049879390348573e-03 6.259657014585516890e-03 6.170243710693110867e-03 6.080852696139053826e-03 5.991440036554274151e-03 5.902051022140511818e-03 5.723252240437640137e-03
7.139656822533422750e-03 7.050417274576946045e-03 6.961194833430526391e-03 6.871973482587698072e-03 6.782734643880798837e-03 6.693495906760198871e-03 6.604276399766358108e-03 6.515038140351176767e-03 6.425820263173418444e-03 6.336582538051142161e-03 6.247344953583216891e-03 6.158129288000368379e-03 6.068892323683116978e-03 5.979678600795391291e-03 5.890442333029597896e-03 5.711995228982918657e-03
7.125658033865281231e-03 7.036593875503676342e-03 6.947529801858276857e-03 6.858483595168910971e-03 6.769419934944668170e-03 6.680375208519701187e-03 6.591312009647400279e-03 6.502268871170017485e-03 6.413206187734505313e-03 6.324164756262041012e-03 6.235102649455628344e-03 6.146063057005322558e-03 6.057001596258618226e-03 5.967940314649548307e-03 5.878903253999733132e-03 5.700807876755383148e-03
7.067865028134036331e-03 6.979523656071298481e-03 6.891182373545467164e-03 6.802859378528667254e-03 6.714518525104586598e-03 6.626197032956371476e-03 6.537856657929221396e-03 6.449516405883873142e-03 6.361196937089277220e-03 6.272857237551492972e-03 6.184539546513254972e-03 6.096200465272356636e-03 6.007861554101724330e-03 5.919546303562414277e-03 5.831208111585325232e-03 5.654583540379468955e-03
