1.108160000000000000e+05 4.352140625000000000e+04 2.056121826171875000e-03 6.711987953167408705e-05
4.800000000000000000e+04 4.352329296875000000e+04 2.225220203399658203e-03 6.658195343334227800e-05
6.080000000000000000e+02 4.352322656250000000e+04 2.349436283111572266e-03 6.616463360842317343e-05
5.472000000000000000e+04 4.352121484375000000e+04 2.303302288055419922e-03 6.532019324367865920e-05
2.233920000000000000e+05 4.352194140625000000e+04 2.109408378601074219e-03 6.439175922423601151e-05
3.571200000000000000e+05 4.352390234375000000e+04 1.920521259307861328e-03 6.355487130349501967e-05
1.705280000000000000e+05 4.352191796875000000e+04 2.228021621704101562e-03 6.315074278973042965e-05
-7.075200000000000000e+04 4.352273437500000000e+04 2.402901649475097656e-03 6.273501639952883124e-05
5.104000000000000000e+04 4.352275000000000000e+04 2.264022827148437500e-03 6.242595554795116186e-05
9.148800000000000000e+04 4.352245703125000000e+04 2.244532108306884766e-03 6.230274448171257973e-05
3.987200000000000000e+04 4.352198437500000000e+04 2.356827259063720703e-03 6.217976624611765146e-05
2.179840000000000000e+05 4.153339453125000000e+04 2.133071422576904297e-03 5.796856203232891858e-05
