1.140573024749755859e-01 2.631516382098197937e-02 -1.746304333209991455e-04 4.249969424563460052e-05
7.302188873291015625e-02 2.610356733202934265e-02 -5.297642201185226440e-05 4.215797162032686174e-05
7.170581817626953125e-02 2.594046294689178467e-02 -1.281313598155975342e-05 4.189455648884177208e-05
1.121997833251953125e-01 2.561028487980365753e-02 -5.264580249786376953e-05 4.136131246923469007e-05
2.427310943603515625e-01 2.524607256054878235e-02 -2.255961298942565918e-04 4.077310222783125937e-05
2.750034332275390625e-01 2.491695620119571686e-02 -2.748295664787292480e-04 4.024157169624231756e-05
2.455348968505859375e-01 2.475939318537712097e-02 -2.050809562206268311e-04 3.998710963060148060e-05
2.114582061767578125e-02 2.459611743688583374e-02 3.243423998355865479e-05 3.972340709879063070e-05
7.952690124511718750e-02 2.447508461773395538e-02 -3.479607403278350830e-05 3.952793485950678587e-05
1.609039306640625000e-01 2.442672848701477051e-02 -1.409891992807388306e-04 3.944983836845494807e-05
1.337451934814453125e-01 2.437875047326087952e-02 -6.764009594917297363e-05 3.937236033380031586e-05
2.556228637695312500e-01 2.418154478073120117e-02 -2.445951104164123535e-04 3.905386984115466475e-05
