1.523840000000000000e+05 3.807112890625000000e+04 1.990139484405517578e-03 5.819407306262291968e-05
4.521600000000000000e+04 3.807137500000000000e+04 2.229630947113037109e-03 5.772555232397280633e-05
7.840000000000000000e+03 3.807105078125000000e+04 2.338111400604248047e-03 5.736334060202352703e-05
4.758400000000000000e+04 3.807076953125000000e+04 2.314329147338867188e-03 5.663342744810506701e-05
2.077120000000000000e+05 3.807099218750000000e+04 2.133309841156005859e-03 5.582785524893552065e-05
2.674880000000000000e+05 3.807162109375000000e+04 2.054989337921142578e-03 5.510070332093164325e-05
1.930560000000000000e+05 3.807159375000000000e+04 2.194344997406005859e-03 5.475279249367304146e-05
-3.408000000000000000e+04 3.807115625000000000e+04 2.348542213439941406e-03 5.439070446300320327e-05
3.673600000000000000e+04 3.807062890625000000e+04 2.285003662109375000e-03 5.412197424448095262e-05
1.278400000000000000e+05 3.807128515625000000e+04 2.191066741943359375e-03 5.401645466918125749e-05
6.051200000000000000e+04 3.807151171875000000e+04 2.326607704162597656e-03 5.391074228100478649e-05
2.412160000000000000e+05 3.807158203125000000e+04 2.101719379425048828e-03 5.347346450434997678e-05
