5.736931173265349404e-01 6.511698123830786942e-05 2.514323055216244936e-04 2.455210361138577422e-08
5.650886738032915302e-01 6.427325709229288859e-05 2.567992377521559539e-04 2.565241935661795198e-08
5.584837543531819826e-01 6.367419986488770205e-05 2.602547419407908878e-04 2.640424807685259537e-08
5.504032468339155049e-01 6.261813931016551097e-05 2.665168838917834492e-04 2.772358889353895538e-08
5.572330271402987645e-01 6.474456367725102282e-05 4.412245406970785166e-04 6.090772912126113233e-08
5.385699505208717541e-01 6.220303362428074203e-05 4.677872811284295622e-04 6.765578572983882666e-08
5.199737772282945203e-01 5.947872923282642929e-05 4.965045414579843941e-04 7.593915373357829875e-08
5.278819840366335558e-01 6.035322853742780899e-05 4.942319983449806105e-04 7.346491768619995225e-08
4.897764901111219538e-01 5.312837390639473455e-05 9.271343512366347515e-04 1.870501792047578915e-07
3.120697504712584558e-01 -5.084206921291691013e-09 5.530617320023754058e-01 2.180658604364999159e-04
3.153476210727853002e-01 -1.319752887848132203e-08 3.594551994884042756e+00 1.414659127841834960e-03
2.873185370724471999e-01 -1.726039149109265556e-09 2.663725524847760373e-01 1.039666459031396894e-04
