5.522457067854702473e+02 5.592361587700963810e+02 5.664058531133028964e+02 5.737617732836054074e+02 5.813112703004950390e+02 5.890620872378349304e+02 5.970223857140218797e+02 6.052007745594195285e+02 6.136063408727446813e+02 6.222486837019383756e+02 6.311379506119660618e+02 6.402848774324291981e+02 6.497008315123179045e+02 6.593978588483226986e+02 6.693887354975397557e+02 6.903071334818378091e+02
5.522457067854702473e+02 5.592361587700963810e+02 5.664058531133028964e+02 5.737617732836054074e+02 5.813112703004950390e+02 5.890620872378349304e+02 5.970223857140218797e+02 6.052007745594195285e+02 6.136063408727446813e+02 6.222486837019383756e+02 6.311379506119660618e+02 6.402848774324291981e+02 6.497008315123179045e+02 6.593978588483226986e+02 6.693887354975397557e+02 6.903071334818378091e+02
5.522457067854702473e+02 5.592361587700963810e+02 5.664058531133028964e+02 5.737617732836054074e+02 5.813112703004950390e+02 5.890620872378349304e+02 5.970223857140218797e+02 6.052007745594195285e+02 6.136063408727446813e+02 6.222486837019383756e+02 6.311379506119660618e+02 6.402848774324291981e+02 6.497008315123179045e+02 6.593978588483226986e+02 6.693887354975397557e+02 6.903071334818378091e+02
5.522457067854702473e+02 5.592361587700963810e+02 5.664058531133028964e+02 5.737617732836054074e+02 5.813112703004950390e+02 5.890620872378349304e+02 5.970223857140218797e+02 6.052007745594195285e+02 6.136063408727446813e+02 6.222486837019383756e+02 6.311379506119660618e+02 6.402848774324291981e+02 6.497008315123179045e+02 6.593978588483226986e+02 6.693887354975397557e+02 6.903071334818378091e+02
5.522457067854702473e+02 5.592361587700963810e+02 5.664058531133028964e+02 5.737617732836054074e+02 5.813112703004950390e+02 5.890620872378349304e+02 5.970223857140218797e+02 6.052007745594195285e+02 6.136063408727446813e+02 6.222486837019383756e+02 6.311379506119660618e+02 6.402848774324291981e+02 6.497008315123179045e+02 6.593978588483226986e+02 6.693887354975397557e+02 6.903071334818378091e+02
5.522457067854702473e+02 5.592361587700963810e+02 5.664058531133028964e+02 5.737617732836054074e+02 5.813112703004950390e+02 5.890620872378349304e+02 5.970223857140218797e+02 6.052007745594195285e+02 6.136063408727446813e+02 6.222486837019383756e+02 6.311379506119660618e+02 6.402848774324291981e+02 6.497008315123179045e+02 6.593978588483226986e+02 6.693887354975397557e+02 6.903071334818378091e+02
5.522457067854702473e+02 5.592361587700963810e+02 5.664058531133028964e+02 5.737617732836054074e+02 5.813112703004950390e+02 5.890620872378349304e+02 5.970223857140218797e+02 6.052007745594195285e+02 6.136063408727446813e+02 6.222486837019383756e+02 6.311379506119660618e+02 6.402848774324291981e+02 6.497008315123179045e+02 6.593978588483226986e+02 6.693887354975397557e+02 6.903071334818378091e+02
5.522457067854702473e+02 5.592361587700963810e+02 5.664058531133028964e+02 5.737617732836054074e+02 5.813112703004950390e+02 5.890620872378349304e+02 5.970223857140218797e+02 6.052007745594195285e+02 6.136063408727446813e+02 6.222486837019383756e+02 6.311379506119660618e+02 6.402848774324291981e+02 6.497008315123179045e+02 6.593978588483226986e+02 6.693887354975397557e+02 6.903071334818378091e+02
5.522457067854702473e+02 5.592361587700963810e+02 5.664058531133028964e+02 5.737617732836054074e+02 5.813112703004950390e+02 5.890620872378349304e+02 5.970223857140218797e+02 6.052007745594195285e+02 6.136063408727446813e+02 6.222486837019383756e+02 6.311379506119660618e+02 6.402848774324291981e+02 6.497008315123179045e+02 6.593978588483226986e+02 6.693887354975397557e+02 6.903071334818378091e+02
5.522457067854702473e+02 5.592361587700963810e+02 5.664058531133028964e+02 5.737617732836054074e+02 5.813112703004950390e+02 5.890620872378349304e+02 5.970223857140218797e+02 6.052007745594195285e+02 6.136063408727446813e+02 6.222486837019383756e+02 6.311379506119660618e+02 6.402848774324291981e+02 6.497008315123179045e+02 6.593978588483226986e+02 6.693887354975397557e+02 6.903071334818378091e+02
5.522457067854702473e+02 5.592361587700963810e+02 5.664058531133028964e+02 5.737617732836054074e+02 5.813112703004950390e+02 5.890620872378349304e+02 5.970223857140218797e+02 6.052007745594195285e+02 6.136063408727446813e+02 6.222486837019383756e+02 6.311379506119660618e+02 6.402848774324291981e+02 6.497008315123179045e+02 6.593978588483226986e+02 6.693887354975397557e+02 6.903071334818378091e+02
5.522457067854702473e+02 5.592361587700963810e+02 5.664058531133028964e+02 5.737617732836054074e+02 5.813112703004950390e+02 5.890620872378349304e+02 5.970223857140218797e+02 6.052007745594195285e+02 6.136063408727446813e+02 6.222486837019383756e+02 6.311379506119660618e+02 6.402848774324291981e+02 6.497008315123179045e+02 6.593978588483226986e+02 6.693887354975397557e+02 6.903071334818378091e+02
