6.325503061934932558e-03 6.421322401040460530e-03 6.517153032560610813e-03 6.612963004192029884e-03 6.708794214433030922e-03 6.804615687847963452e-03 6.900437716903815542e-03 6.996269546643976017e-03 7.092083351850132257e-03 7.187915622703614817e-03 7.283747981030604980e-03 7.379571942559683649e-03 7.475396353206052551e-03 7.571229164225493080e-03 7.667046454492613961e-03
6.274569835016205292e-03 6.369604845449019018e-03 6.464663003404040771e-03 6.559721313411875573e-03 6.654758760744459815e-03 6.749817651538872303e-03 6.844856891335852206e-03 6.939916298591791884e-03 7.034975813866586707e-03 7.130017069890704114e-03 7.225077030069103345e-03 7.320119799937991646e-03 7.415180157097673794e-03 7.510240591393975082e-03 7.605285051662199515e-03
6.235274929067254404e-03 6.329713376109140192e-03 6.424175538469171880e-03 6.518637861518850052e-03 6.613078799125077407e-03 6.707541726622379477e-03 6.801984490144800249e-03 6.896447955686645266e-03 6.990892414510764541e-03 7.085356359631434127e-03 7.179820403733348788e-03 7.274266769015665969e-03 7.368731227564422059e-03 7.463179031552340942e-03 7.557643860665924120e-03
6.156005118496616149e-03 6.249241554611683833e-03 6.342502108535028049e-03 6.435740593645950663e-03 6.529001794801262554e-03 6.622263141388965400e-03 6.715503952660372734e-03 6.808765855454846326e-03 6.902008381754414813e-03 6.995270780816767626e-03 7.088514902809432000e-03 7.181777745198052003e-03 7.275040677890232642e-03 7.368286593762987495e-03 7.461549910728523458e-03
6.068429127423636930e-03 6.160337767955253313e-03 6.252270877447339489e-03 6.344181587801753404e-03 6.436115364048424284e-03 6.528049292476749595e-03 6.619962359232550025e-03 6.711896861095152829e-03 6.803831489361767022e-03 6.895746673631748813e-03 6.987681797220899466e-03 7.079617026142719788e-03 7.171534122260410371e-03 7.263452348890757533e-03 7.355388313218413042e-03
5.989288938167819203e-03 6.080022581435444093e-03 6.170733153247223365e-03 6.261467509334932464e-03 6.352180069215489916e-03 6.442915059938179000e-03 6.533650194600366425e-03 6.624365017730260083e-03 6.715100699164438906e-03 6.805836500364417438e-03 6.896553360473994983e-03 6.987289634730056535e-03 7.078026008947024827e-03 7.168744710822716991e-03 7.259481495853557786e-03
5.951501002058921276e-03 6.041661447452342792e-03 6.131798326712291705e-03 6.221959510882209797e-03 6.312098413527684679e-03 6.402260255964842967e-03 6.492401032381591407e-03 6.582563462343542400e-03 6.672726023899233638e-03 6.762868933158263339e-03 6.853032002608874275e-03 6.943176491995427593e-03 7.033340016533005772e-03 7.123503636628697455e-03 7.213649913058670267e-03
5.912162697562602619e-03 6.001728642389810194e-03 6.091272449177310803e-03 6.180839067963978667e-03 6.270384790220918589e-03 6.359952008539757756e-03 6.449499504956380559e-03 6.539067257450363081e-03 6.628616400962030440e-03 6.718184630066474997e-03 6.807735306065041889e-03 6.897303960935379473e-03 6.986872702532309111e-03 7.076425101354484604e-03 7.165994212003512151e-03
5.883057503560802995e-03 5.972158621159445041e-03 6.061283460267966744e-03 6.150386584462761048e-03 6.239512069958589278e-03 6.328617050376481555e-03 6.417743111602847682e-03 6.506849813252053687e-03 6.595976388058002321e-03 6.685103073484679678e-03 6.774211722926698140e-03 6.863338852316972286e-03 6.952448957898385573e-03 7.041576484726907829e-03 7.130704091464656023e-03
5.871486172624442931e-03 5.960435184324765559e-03 6.049361578359555187e-03 6.138311288859569538e-03 6.227239631859997349e-03 6.316189964512415947e-03 6.405140438273199989e-03 6.494071000007324568e-03 6.583022009785692227e-03 6.671954206596985952e-03 6.760905695622843395e-03 6.849857286562935701e-03 6.938791333175413183e-03 7.027726473611234197e-03 7.116678776090523857e-03
5.859984382691419726e-03 5.948734673575232709e-03 6.037509263615455785e-03 6.126284033371507017e-03 6.215036864227569020e-03 6.303812282128642280e-03 6.392566957942875765e-03 6.481342954334333960e-03 6.570099342663587860e-03 6.658875856155666191e-03 6.747633837558476844e-03 6.836410813891784059e-03 6.925170280337510607e-03 7.013947671426578809e-03 7.102725147505338510e-03
5.636387058675580534e-03 5.812442727793710844e-03 5.900496552363402279e-03 5.988527361428083208e-03 6.076581907512577409e-03 6.164636624216274403e-03 6.252669881657047478e-03 6.340725218653353416e-03 6.428760259588800485e-03 6.516816150876112747e-03 6.604872165542210495e-03 6.692909236362617337e-03 6.780965730969930327e-03 6.869004309510328560e-03 6.957061234604594926e-03
