8.301210403442382812e-02 3.041992336511611938e-02 -1.275041140615940094e-04 4.948944842908531427e-05
7.317161560058593750e-02 3.017592616379261017e-02 -5.867145955562591553e-05 4.909250492346473038e-05
6.395912170410156250e-02 2.998648956418037415e-02 -5.532056093215942383e-06 4.878432082477957010e-05
1.148567199707031250e-01 2.960389293730258942e-02 -6.276369094848632812e-05 4.816188447875902057e-05
2.542400360107421875e-01 2.918350696563720703e-02 -2.501271665096282959e-04 4.747796992887742817e-05
3.371753692626953125e-01 2.880409732460975647e-02 -3.840923309326171875e-04 4.686071406467817724e-05
2.293281555175781250e-01 2.862151153385639191e-02 -1.833215355873107910e-04 4.656367673305794597e-05
-7.615089416503906250e-03 2.843182533979415894e-02 7.490254938602447510e-05 4.625507790478877723e-05
8.586120605468750000e-02 2.829214185476303101e-02 -5.101040005683898926e-05 4.602782792062498629e-05
1.359291076660156250e-01 2.823692373931407928e-02 -1.044943928718566895e-04 4.593799894792027771e-05
1.178913116455078125e-01 2.818003855645656586e-02 -4.675611853599548340e-05 4.584545968100428581e-05
2.354564666748046875e-01 2.610770054161548615e-02 -2.180300652980804443e-04 4.180178802926093340e-05
