-9.151672163831836571e-05 2.538692059266645096e-02 1.240733931934112633e-02 1.793567949131325001e-02 2.298329443093938274e-02 9.522987925268955323e-03 -3.937318580401028001e-03 1.769531687514014351e-02 3.754285137124613314e-03 6.878999147369446732e-03 9.522987925268955323e-03 -4.898769045091788676e-03 1.336878978403222007e-02 -1.533692418674403868e-03 -5.722419539835321700e-04 -1.547472415668993406e-02
2.999991243074218161e-02 5.479620661888984223e-02 4.144435590219486265e-02 2.809250518550010511e-02 5.098139212840524515e-02 3.715268960039996848e-02 5.861102110937399523e-02 4.430546677005797740e-02 2.999991243074218161e-02 4.955083669447390982e-02 3.476843054384737286e-02 5.288879937364754369e-02 3.762954141171070965e-02 2.237028344977365357e-02 3.858324503433152586e-02 3.762954141171070965e-02
6.145470136272446204e-02 4.818651759569037019e-02 7.187970289396550250e-02 5.813765542096605010e-02 8.040924960134443467e-02 6.619333842237939969e-02 5.197742724341458675e-02 7.235356659993086303e-02 5.766379171500046752e-02 7.661833995362044014e-02 6.145470136272424000e-02 7.898765848344813101e-02 6.335015618658634828e-02 4.771265388972478760e-02 6.335015618658634828e-02 6.145470136272446204e-02
8.538323055346208612e-02 7.181594017154391274e-02 9.473998254099202931e-02 8.070485455969755861e-02 6.666972657840242178e-02 8.772241855034468294e-02 7.321945296967347083e-02 9.286863214348595186e-02 7.789782896343844243e-02 9.614349533912136536e-02 8.070485455969711452e-02 6.526621378027308573e-02 8.164052975845037530e-02 6.573405137964938305e-02 8.070485455969711452e-02 7.789782896343844243e-02
1.068325898445436906e-01 9.299718247148702766e-02 1.151338342683776439e-01 1.363481255737317710e-01 1.215903577091375087e-01 1.068325898445436906e-01 1.262021601668232851e-01 1.109832120564606672e-01 9.576426394609827142e-02 1.132891132853035554e-01 9.760898492917235991e-02 8.192885657304160851e-02 9.760898492917258196e-02 8.146767632727280883e-02 9.576426394609827142e-02 9.207482197994987239e-02
1.288113253827261051e-01 1.147011838154421426e-01 1.360939790948727524e-01 1.215286716705799019e-01 1.069633642462863854e-01 1.265354960976805554e-01 1.115150228163779289e-01 9.649454953507552446e-02 1.142460179584330326e-01 9.877037882012151826e-02 8.329473968180978183e-02 9.922554467713062820e-02 8.329473968180978183e-02 9.786004710610307633e-02 8.147407625377312002e-02 1.069633642462863854e-01
1.216847544632142508e-01 1.433947819689538328e-01 1.289214302984607041e-01 1.144480786279680196e-01 1.343489371748955996e-01 1.194232932646996925e-01 1.379672750925191593e-01 1.225893389426200297e-01 1.072114027927211222e-01 1.239462156617288091e-01 1.081159872721269011e-01 1.234939234220258086e-01 1.072114027927211222e-01 1.212324622235112503e-01 1.044976493545037854e-01 9.997472695747466886e-02
4.239066159277049550e-02 2.936077832286088096e-02 5.137678798581157835e-02 3.789759839625017612e-02 2.441840880668810776e-02 4.463719319103076622e-02 3.070869728181713221e-02 4.957956270720331737e-02 3.520176047833767363e-02 5.272470694476760755e-02 3.789759839624973203e-02 5.407262590372408084e-02 3.879621103555419559e-02 5.362331958407184906e-02 3.789759839624973203e-02 3.520176047833767363e-02
7.302229887540501174e-02 5.960952013946263506e-02 4.619674140351981428e-02 6.721009475649664111e-02 5.335022339602235597e-02 7.302229887540501174e-02 5.871533489039970632e-02 4.440837090539395682e-02 6.229207588665097717e-02 4.753801927711398534e-02 6.408044638477661259e-02 4.887929715070860048e-02 6.408044638477661259e-02 4.843220452617691407e-02 6.229207588665097717e-02 5.871533489039970632e-02
7.091178132311770632e-02 5.752538405657903198e-02 7.894361968304108856e-02 9.946942882506770722e-02 8.519060507409248473e-02 7.091178132311770632e-02 8.965273749627233890e-02 7.492770050307950847e-02 9.233001694957998495e-02 7.715876671416932453e-02 6.198751647875822002e-02 7.760497995638737656e-02 6.198751647875844206e-02 7.626634022973322047e-02 6.020266350988645598e-02 5.663295757214292792e-02
1.044365347806455180e-01 9.063107809588766273e-02 7.682562141112936338e-02 9.731113778206101905e-02 8.306034378489113301e-02 1.022098482185878066e-01 8.751371690900655587e-02 1.053272094054686914e-01 9.018574078347585399e-02 1.066632213427032294e-01 9.107641540829880533e-02 1.062178840302916427e-01 9.018574078347585399e-02 7.415359753666006526e-02 8.751371690900655587e-02 8.306034378489113301e-02
1.308142619464272016e-01 1.166790836720967839e-01 1.025439053977663661e-01 1.224214998460435577e-01 1.078445972506403283e-01 1.263970187356988628e-01 1.113783918192230438e-01 9.635976490274700268e-02 1.131452891035142905e-01 9.768493786596543771e-02 1.131452891035142905e-01 9.724321354489262603e-02 8.134113798627096159e-02 9.503459193952856765e-02 7.869079205983409153e-02 1.025439053977665882e-01
