6.715501799727932166e+02 6.615270429582737961e+02 6.517987040912403245e+02 6.423523460609325184e+02 6.331758839743478120e+02 6.242579137775260278e+02 6.155876649750603065e+02 6.071549572356759654e+02 5.989501605162749911e+02 5.909641583760579806e+02 5.831883141868993334e+02 5.756144399766798188e+02 5.682347676692864979e+02 5.610419225089157180e+02 5.540288984775543213e+02
6.715501799727932166e+02 6.615270429582737961e+02 6.517987040912403245e+02 6.423523460609325184e+02 6.331758839743478120e+02 6.242579137775260278e+02 6.155876649750603065e+02 6.071549572356759654e+02 5.989501605162749911e+02 5.909641583760579806e+02 5.831883141868993334e+02 5.756144399766798188e+02 5.682347676692864979e+02 5.610419225089157180e+02 5.540288984775543213e+02
6.715501799727932166e+02 6.615270429582737961e+02 6.517987040912403245e+02 6.423523460609325184e+02 6.331758839743478120e+02 6.242579137775260278e+02 6.155876649750603065e+02 6.071549572356759654e+02 5.989501605162749911e+02 5.909641583760579806e+02 5.831883141868993334e+02 5.756144399766798188e+02 5.682347676692864979e+02 5.610419225089157180e+02 5.540288984775543213e+02
6.715501799727932166e+02 6.615270429582737961e+02 6.517987040912403245e+02 6.423523460609325184e+02 6.331758839743478120e+02 6.242579137775260278e+02 6.155876649750603065e+02 6.071549572356759654e+02 5.989501605162749911e+02 5.909641583760579806e+02 5.831883141868993334e+02 5.756144399766798188e+02 5.682347676692864979e+02 5.610419225089157180e+02 5.540288984775543213e+02
6.715501799727932166e+02 6.615270429582737961e+02 6.517987040912403245e+02 6.423523460609325184e+02 6.331758839743478120e+02 6.242579137775260278e+02 6.155876649750603065e+02 6.071549572356759654e+02 5.989501605162749911e+02 5.909641583760579806e+02 5.831883141868993334e+02 5.756144399766798188e+02 5.682347676692864979e+02 5.610419225089157180e+02 5.540288984775543213e+02
6.715501799727932166e+02 6.615270429582737961e+02 6.517987040912403245e+02 6.423523460609325184e+02 6.331758839743478120e+02 6.242579137775260278e+02 6.155876649750603065e+02 6.071549572356759654e+02 5.989501605162749911e+02 5.909641583760579806e+02 5.831883141868993334e+02 5.756144399766798188e+02 5.682347676692864979e+02 5.610419225089157180e+02 5.540288984775543213e+02
6.715501799727932166e+02 6.615270429582737961e+02 6.517987040912403245e+02 6.423523460609325184e+02 6.331758839743478120e+02 6.242579137775260278e+02 6.155876649750603065e+02 6.071549572356759654e+02 5.989501605162749911e+02 5.909641583760579806e+02 5.831883141868993334e+02 5.756144399766798188e+02 5.682347676692864979e+02 5.610419225089157180e+02 5.540288984775543213e+02
6.715501799727932166e+02 6.615270429582737961e+02 6.517987040912403245e+02 6.423523460609325184e+02 6.331758839743478120e+02 6.242579137775260278e+02 6.155876649750603065e+02 6.071549572356759654e+02 5.989501605162749911e+02 5.909641583760579806e+02 5.831883141868993334e+02 5.756144399766798188e+02 5.682347676692864979e+02 5.610419225089157180e+02 5.540288984775543213e+02
6.715501799727932166e+02 6.615270429582737961e+02 6.517987040912403245e+02 6.423523460609325184e+02 6.331758839743478120e+02 6.242579137775260278e+02 6.155876649750603065e+02 6.071549572356759654e+02 5.989501605162749911e+02 5.909641583760579806e+02 5.831883141868993334e+02 5.756144399766798188e+02 5.682347676692864979e+02 5.610419225089157180e+02 5.540288984775543213e+02
6.715501799727932166e+02 6.615270429582737961e+02 6.517987040912403245e+02 6.423523460609325184e+02 6.331758839743478120e+02 6.242579137775260278e+02 6.155876649750603065e+02 6.071549572356759654e+02 5.989501605162749911e+02 5.909641583760579806e+02 5.831883141868993334e+02 5.756144399766798188e+02 5.682347676692864979e+02 5.610419225089157180e+02 5.540288984775543213e+02
6.715501799727932166e+02 6.615270429582737961e+02 6.517987040912403245e+02 6.423523460609325184e+02 6.331758839743478120e+02 6.242579137775260278e+02 6.155876649750603065e+02 6.071549572356759654e+02 5.989501605162749911e+02 5.909641583760579806e+02 5.831883141868993334e+02 5.756144399766798188e+02 5.682347676692864979e+02 5.610419225089157180e+02 5.540288984775543213e+02
6.925361230969427879e+02 6.715501799727932166e+02 6.615270429582737961e+02 6.517987040912403245e+02 6.423523460609325184e+02 6.331758839743478120e+02 6.242579137775260278e+02 6.155876649750603065e+02 6.071549572356759654e+02 5.989501605162749911e+02 5.909641583760579806e+02 5.831883141868993334e+02 5.756144399766798188e+02 5.682347676692864979e+02 5.610419225089157180e+02
