-3.788989816564836133e-03 -4.747345766717203652e-03 1.010717146064532557e-02 -8.101591592250656504e-03 6.273747660035633444e-03 3.638268797116595010e-03 5.236119591212062829e-04 1.441977323633092389e-02 -7.143235642098177962e-03 6.273747660035633444e-03 1.969073096216944485e-02 1.465936222386932108e-02 9.148815510492847025e-03 2.208662083755075223e-02 -3.309811841488707884e-03
3.524047172562494445e-02 1.907969301181822175e-02 3.428983768363647044e-02 4.949998235545449710e-02 3.143793555767038228e-02 4.617276320849428295e-02 2.668476534772734610e-02 4.094427597755667669e-02 5.520378660738622933e-02 3.381452066264212242e-02 4.759871427147710499e-02 2.478349726375017603e-02 3.809237385159081057e-02 5.140125043943188921e-02 2.668476534772712405e-02
5.992766835337270948e-02 4.434049675994078399e-02 5.992766835337293152e-02 7.551483994680463496e-02 5.803831422083560732e-02 7.315314728113331277e-02 5.425960595576118095e-02 6.890210048292444434e-02 4.859154355814943038e-02 6.276169955217847374e-02 7.693185554620751709e-02 5.473194448889540098e-02 6.842976194979022431e-02 4.481283529307522606e-02 5.803831422083560732e-02
7.722650907349337679e-02 6.230389076598208398e-02 7.815917271771333219e-02 6.183755894387243934e-02 7.722650907349359883e-02 9.261545920311498037e-02 7.442851814083528694e-02 8.935113644834680180e-02 6.976519991973795243e-02 8.422148640513960061e-02 6.323655441020137324e-02 7.722650907349382088e-02 9.121646373678582442e-02 6.836620445340879648e-02 8.188982729459093335e-02
9.223744840033742953e-02 7.798687563080464180e-02 9.407623198350334448e-02 7.844657152659584298e-02 9.407623198350312244e-02 1.097058924404104019e-01 9.223744840033765158e-02 1.074074129614532858e-01 1.225773775225693640e-01 1.032701498993309208e-01 1.179804185646551318e-01 1.326906872299797868e-01 1.115446760235758727e-01 8.947927302558933427e-02 1.032701498993309208e-01
7.799325495856734847e-02 9.432648609430338560e-02 7.980805841809379686e-02 9.568758868894811087e-02 7.980805841809357482e-02 9.523388782406638775e-02 1.106597172300394227e-01 9.296538349965866033e-02 1.079375120407499722e-01 1.229096405818410620e-01 1.034005033919342953e-01 1.179189310681441061e-01 1.324373587443536948e-01 1.111134180949209238e-01 1.251781449062487894e-01
1.009427246246428211e-01 1.176236749977437324e-01 1.036477436040648126e-01 1.198778574805949848e-01 1.045494165972051803e-01 1.203286939771652797e-01 1.036477436040648126e-01 1.189761844874543950e-01 1.343046253708441995e-01 1.158203290114625528e-01 1.306979333982818403e-01 1.108611275491893089e-01 1.252878954394385236e-01 1.397146633296879603e-01 1.180745114943140273e-01
3.455703190273284875e-02 5.023213844671392536e-02 3.545275227667499252e-02 5.067999863368455316e-02 3.455703190273307079e-02 4.933641807277222568e-02 3.186987078090774972e-02 4.620139676397583273e-02 2.739126891119902929e-02 4.127493470729626246e-02 2.112122629360646542e-02 3.455703190273307079e-02 4.799283751185945412e-02 2.604768835028647977e-02 3.903563377244179122e-02
5.887299357976538694e-02 4.505773145814417902e-02 6.065560804707170739e-02 4.550338507497042606e-02 6.065560804707148534e-02 4.416642422449124084e-02 5.887299357976560898e-02 4.104684890670551312e-02 5.530776464515363422e-02 6.956868038360153328e-02 4.995992124323556105e-02 6.377518336485721306e-02 4.282946337401161152e-02 5.619907187880657240e-02 6.956868038360153328e-02
5.679030616410285504e-02 7.280228049992265582e-02 5.856941442363861050e-02 7.413661169457452793e-02 5.856941442363861050e-02 7.369183462969042253e-02 8.881425483574267865e-02 7.146794930527100576e-02 8.614559244643937852e-02 6.746495572131627760e-02 8.169782179760032292e-02 9.593068787388459029e-02 7.547094288922617800e-02 5.412164377479977695e-02 6.746495572131627760e-02
8.401345648874936067e-02 7.069633785866669129e-02 8.667688021476616100e-02 1.026574225708656307e-01 8.756468812343820574e-02 1.031013265252016531e-01 8.667688021476616100e-02 1.017696146621933639e-01 8.401345648874958272e-02 9.866228698184076329e-02 7.957441694538847088e-02 9.377934348414362908e-02 7.335976158468326958e-02 8.712078416910240541e-02 1.008818067535210972e-01
9.899526896803179099e-02 7.521892901439630741e-02 9.151012490855414683e-02 7.786074456480052142e-02 9.371163786722380706e-02 1.095625311696475368e-01 9.415194045895791675e-02 1.095625311696475368e-01 9.283103268375603179e-02 1.078013208027115422e-01 1.227716089216670525e-01 1.042789000688395529e-01 1.188088855960611756e-01 9.899526896803179099e-02 1.130849519035195261e-01
