2.214329273773757905e+02
2.176005882908352191e+02
2.130394967884610082e+02
2.078105534466354243e+02
2.019809239466806616e+02
1.956232129403120439e+02
1.888145921166279209e+02
1.816358926330846941e+02
1.741706722978211985e+02
1.665042679996162462e+02
1.587228438753530497e+02
1.509124455850098059e+02
1.431580708339961916e+02
1.355427659463444172e+02
1.281467578551626048e+02
1.210466303451910761e+02
1.143145527635211067e+02
1.080175687166129990e+02
1.022169515034983931e+02
9.696763220589467380e+01
9.231770547583688824e+01
8.830801714067922603e+01
8.497183679454003880e+01
8.233461757523080848e+01
8.041384434722111507e+01
7.921897053497893637e+01
7.875144288761184441e+01
7.900481251535131832e+01
7.996492963088094541e+01
8.161021856311302258e+01
8.391202879646786528e+01
8.683505703301892709e+01
9.033783458527946664e+01
9.437327379034574903e+01
9.888926659710514855e+01
1.038293280218654218e+02
1.091332767976959701e+02
1.147379452616334277e+02
1.205779103333256614e+02
1.265862373393040627e+02
1.326952284285148949e+02
1.388371674056574818e+02
1.449450529769890466e+02
1.509533126553508566e+02
1.567984899032007320e+02
1.624198974995383367e+02
1.677602305931899878e+02
1.727661334447206798e+02
1.773887144554180963e+02
1.815840047270054072e+02
1.853133560822211336e+02
1.885437751960770925e+02
1.912481912321521236e+02
1.934056551392468748e+02
1.950014695326186995e+02
1.960272488523867764e+02
1.964809102512359118e+02
1.963665964061764555e+02
1.956945321670595490e+02
1.944808176404288247e+02
1.927471609541889848e+02
1.905205545501069366e+02
1.878328994015377020e+02
1.847205820478378087e+02
1.812240097702361936e+02
1.773871096027484668e+02
1.732567971730737781e+02
1.688824216001089837e+02
1.643151928353464939e+02
1.596075979243786094e+02
1.548128126821808905e+02
1.499841152227325551e+02
1.451743076615465782e+02
1.404351521212369960e+02
1.358168269184319570e+02
1.313674084988833783e+02
1.271323843208379003e+02
1.231542014694689726e+02
1.194718553227349815e+02
1.161205220871502348e+02
1.131312384866902931e+02
1.105306313257132871e+02
1.083406990638958405e+02
1.065786469443724513e+02
1.052567766122265027e+02
1.043824305558501919e+02
1.039579911050301604e+02
1.039809331333097617e+02
1.044439290443746984e+02
1.053350040787654933e+02
1.066377394636284066e+02
1.083315204495672077e+02
1.103918258395774643e+02
1.127905552196592112e+02
1.154963897526022407e+02
1.184751820986401185e+02
1.216903707815995688e+02
1.251034141286544212e+02
1.286742387770198093e+02
1.323616976624772121e+02
1.361240323824534926e+02
1.399193348598467139e+02
1.437060033216442889e+02
1.474431877468132654e+02
1.510912201286021457e+02
1.546120251344158874e+02
1.579695070284961105e+02
1.611299090449920755e+02
1.640621417575339933e+02
1.667380773816497026e+02
1.691328073635882276e+02
1.712248610483741800e+02
1.729963836761188816e+02
1.744332724235498233e+02
1.755252696821378322e+02
1.762660132398652593e+02
1.766530435054190775e+02
1.766877683763666482e+02
1.763753868018115725e+02
1.757247725204925075e+02
1.747483198629115293e+02
1.734617538868104987e+02
1.718839074654579804e+02
1.700364682644603249e+02
1.679436988222800551e+02
1.656321331898934659e+02
1.631302537840621483e+02
1.604681522650323018e+02
1.576771783620941108e+02
1.547895806387985260e+02
1.518381432137114757e+02
1.488558224328128006e+02
1.458753874269398239e+02
1.429290683833801552e+02
1.400482162166320848e+02
1.372629771416550284e+02
1.346019854361924217e+02
1.320920774298680840e+02
1.297580294799296894e+02
1.276223223902125312e+02
1.257049344048051296e+02
1.240231645648786127e+02
1.225914878601930127e+02
1.214214432399989221e+02
1.205215551755360650e+02
1.198972890922173775e+02
1.195510406179507612e+02
1.194821582288744111e+02
1.196869985189156864e+02
1.201590129787069827e+02
1.208888648459718240e+02
1.218645742867554418e+02
1.230716898877668228e+02
1.244934841872688054e+02
1.261111707477220278e+02
1.279041400797307801e+02
1.298502115653665498e+02
1.319258984008981201e+02
1.341066824851876618e+02
1.363672961210035623e+02
1.386820073723262112e+02
1.410249059311071562e+02
1.433701863912178851e+02
1.456924259044778012e+02
1.479668533023292980e+02
1.501696069052483438e+02
1.522779784083851098e+02
1.542706404239576727e+02
1.561278554761079818e+02
1.578316644795666832e+02
1.593660529866898514e+02
1.607170937552108967e+02
1.618730644682578372e+02
1.628245397256306148e+02
1.635644567177555473e+02
1.640881542879069741e+02
1.643933853809879508e+02
1.644803031652508025e+02
1.643514213937694137e+02
