3.999999999999999819e-06 1.300000000000000000e+06
3.950000000000000298e-06 1.350000000000000000e+06
3.899999999999999929e-06 1.350000000000000000e+06
3.850000000000000408e-06 1.375000000000000000e+06
3.799999999999999616e-06 1.400000000000000000e+06
3.750000000000000095e-06 1.400000000000000000e+06
3.700000000000000150e-06 1.400000000000000000e+06
3.649999999999999782e-06 1.450000000000000000e+06
3.600000000000000261e-06 1.450000000000000000e+06
3.549999999999999892e-06 1.475000000000000000e+06
3.499999999999999947e-06 1.500000000000000000e+06
3.450000000000000003e-06 1.500000000000000000e+06
3.400000000000000058e-06 1.550000000000000000e+06
3.350000000000000113e-06 1.550000000000000000e+06
3.299999999999999745e-06 1.575000000000000000e+06
3.200000000000000279e-06 1.600000000000000000e+06
3.099999999999999966e-06 1.650000000000000000e+06
3.000000000000000076e-06 1.700000000000000000e+06
2.899999999999999763e-06 1.750000000000000000e+06
2.799999999999999873e-06 1.800000000000000000e+06
2.699999999999999984e-06 1.900000000000000000e+06
2.600000000000000094e-06 1.950000000000000000e+06
2.500000000000000205e-06 2.000000000000000000e+06
2.399999999999999891e-06 2.100000000000000000e+06
2.300000000000000002e-06 2.150000000000000000e+06
2.200000000000000112e-06 2.250000000000000000e+06
2.100000000000000223e-06 2.300000000000000000e+06
1.999999999999999909e-06 2.400000000000000000e+06
1.949999999999999965e-06 2.450000000000000000e+06
1.899999999999999808e-06 2.450000000000000000e+06
1.850000000000000075e-06 2.500000000000000000e+06
1.800000000000000130e-06 2.550000000000000000e+06
1.749999999999999974e-06 2.600000000000000000e+06
1.700000000000000029e-06 2.650000000000000000e+06
1.649999999999999872e-06 2.700000000000000000e+06
1.600000000000000139e-06 2.750000000000000000e+06
1.549999999999999983e-06 2.800000000000000000e+06
1.500000000000000038e-06 2.850000000000000000e+06
1.449999999999999881e-06 2.900000000000000000e+06
1.399999999999999937e-06 2.900000000000000000e+06
1.349999999999999992e-06 2.900000000000000000e+06
1.300000000000000047e-06 2.900000000000000000e+06
1.250000000000000102e-06 2.900000000000000000e+06
1.199999999999999946e-06 2.900000000000000000e+06
1.150000000000000001e-06 2.900000000000000000e+06
1.100000000000000056e-06 2.900000000000000000e+06
1.050000000000000111e-06 2.900000000000000000e+06
9.999999999999999547e-07 2.900000000000000000e+06
9.499999999999999041e-07 2.900000000000000000e+06
9.000000000000000652e-07 2.900000000000000000e+06
8.500000000000000145e-07 2.900000000000000000e+06
8.000000000000000697e-07 2.900000000000000000e+06
7.500000000000000190e-07 2.950000000000000000e+06
6.999999999999999683e-07 2.950000000000000000e+06
6.500000000000000235e-07 2.950000000000000000e+06
5.999999999999999728e-07 3.000000000000000000e+06
5.500000000000000281e-07 3.000000000000000000e+06
4.999999999999999774e-07 3.000000000000000000e+06
4.500000000000000326e-07 3.050000000000000000e+06
4.000000000000000348e-07 3.100000000000000000e+06
3.499999999999999842e-07 3.150000000000000000e+06
2.999999999999999864e-07 3.300000000000000000e+06
2.499999999999999887e-07 3.750000000000000000e+06
